15
AD8129ARZ
500,000000
1070,000000
50,000000
1
AD8129ARZ
500,000000
1100,000000
40,000000
1
OPA1632D
500,000000
1090,000000
55,000000
1
ÊÐ140ÓÄ18
10000,000000
110,000000
50,000000
1
SSM2142PZ
1000,000000
900,000000
55,000000
1
AD626ARZ
500,000000
1000,000000
40,000000
1
AD629BRZ
500,000000
500,000000
50,000000
1
AD8475ARMZ
1000,000000
900,000000
55,000000
1
AD8476ARMZ
1000,000000
1100,000000
40,000000
1
TPA6120
1000,000000
1090,000000
42,000000
1
RDC1-0034a
1000,000000
50,000000
85,000000
1
TPA6211A1DGN
1000,000000
200,000000
100,000000
1
AD830ANZ
1200,000000
1100,000000
50,000000
3
NS4110B
1300,000000
500,000000
90,000000
1
LM7331
10000,000000
300,000000
50,000000
1
